8
6
4
5
7
0
1
3
3
3
3
8
26
2
3
3
3
3
3
3
3
3
1
4
7
11
1
3
3
3
3
3
3
3
3
8
46
1
3
3
3
3
2
4
7
35
1
1
3
3
1
1
1
3
1
1
1
3
2
2
2
2
2
2
2
2
2
2
8
246
4
8
79
4
1
3
2
7
71
1
8
93
4
2
3
1
1
1
5
2
2
7
80
1
1
1
8
167
8
165
4
1
3
3
3
3
3
3
3
3
8
121
1
3
3
3
3
2
4
7
110
1
5
2
2
8
133
4
1
3
2
7
125
3
1
8
155
4
1
3
3
3
3
3
3
3
3
3
3
2
2
3
1
7
135
1
5
8
162
4
7
157
1
7
98
7
96
3
2
2
2
8
223
4
8
182
4
1
3
2
7
174
3
1
8
217
4
2
3
1
1
1
4
8
201
4
1
3
2
7
193
3
3
1
8
212
4
2
4
1
7
204
2
2
2
7
184
2
2
2
2
7
171
3
3
3
3
3
3
3
3
3
3
5
3
3
3
5
8
243
4
7
238
2
7
68
3
3
3
3
3
0
